      0.000000000000
     -0.000000771038
     -0.000000108769
     -0.000000273229
     -0.000000049680
     -0.000000152456
     -0.000000029053
     -0.000000098395
     -0.000000018988
     -0.000000066833
     -0.000000012599
     -0.000000045936
     -0.000000008031
     -0.000000031300
     -0.000000004641
     -0.000000020901
     -0.000000002155
     -0.000000013659
     -0.000000000389
     -0.000000008896
      0.000000000869
     -0.000000006092
      0.000000001887
     -0.000000004774
      0.000000002957
     -0.000000004493
      0.000000004331
     -0.000000004851
      0.000000006160
     -0.000000005530
      0.000000008460
     -0.000000006327
      0.000000011112
     -0.000000007138
      0.000000013909
     -0.000000007940
      0.000000016611
     -0.000000008738
      0.000000019002
     -0.000000009523
      0.000000020931
     -0.000000010237
      0.000000022326
     -0.000000010776
      0.000000023195
     -0.000000011024
      0.000000023606
     -0.000000010890
      0.000000023663
     -0.000000010336
      0.000000023483
     -0.000000009357
      0.000000023215
     -0.000000007876
      0.000000023199
     -0.000000005327
      0.000000024823
      0.000000001149
      0.000000034201
      0.000000024134
      0.000000076979
      0.000000114781
      0.000000253670
      0.000000466929
      0.000000932118
      0.000001766144
      0.000003368533
      0.000006273172
      0.000011559985
      0.000020926687
      0.000037331878
      0.000065504402
      0.000113136033
      0.000192225798
      0.000321346893
      0.000528420090
      0.000854731484
      0.001359763569
      0.002127470672
      0.003273314271
      0.004952393080
      0.007367403721
      0.010776240456
      0.015497128989
      0.021910538095
      0.030455050268
      0.041616374109
      0.055906814159
      0.073835571778
      0.095868836831
      0.122382952056
      0.153612630620
      0.189601182577
      0.230157582271
      0.274829120096
      0.322893968188
      0.373379214285
      0.425103467971
      0.476741539681
      0.526903612454
      0.574219373816
      0.617417883674
      0.655394047477
      0.687256844636
      0.712357019048
      0.730295493002
      0.740916183226
      0.744286719774
      0.740672421855
      0.730505838043
      0.714355821040
      0.692895705743
      0.666873488967
      0.637082193790
      0.604332535900
      0.569426663104
      0.533134588662
      0.496173277838
      0.459189472553
      0.422746542251
      0.387316588679
      0.353276399408
      0.320908904766
      0.290407630752
      0.261885270335
      0.235383483597
      0.210885085197
      0.188325645626
      0.167605886020
      0.148602282138
      0.131177619131
      0.115189044037
      0.100495695927
      0.086963875573
      0.074471653198
      0.062911138599
      0.052190397301
      0.042233301884
      0.032979069111
      0.024380523338
      0.016402253571
      0.009018155847
      0.002209275402
     -0.004038140150
     -0.009733881410
     -0.014884615169
     -0.019494002435
     -0.023562317514
     -0.027086007195
     -0.030057402978
     -0.032464871176
     -0.034294273754
     -0.035531188388
     -0.036164794910
     -0.036192208550
     -0.035623761063
     -0.034487160093
     -0.032830827738
     -0.030724240101
     -0.028256246522
     -0.025529788257
     -0.022655293724
     -0.019742339197
     -0.016892053720
     -0.014190376166
     -0.011703927607
     -0.009477780976
     -0.007536116097
     -0.005884157944
     -0.004511894806
     -0.003397865739
     -0.002513479016
     -0.001826404465
     -0.001303850878
     -0.000914513057
     -0.000630309115
     -0.000426894446
     -0.000284182683
     -0.000185923893
     -0.000119599283
     -0.000075612969
     -0.000047029885
     -0.000028740959
     -0.000017303143
     -0.000010221571
     -0.000005971741
     -0.000003406409
     -0.000001946506
     -0.000001066640
     -0.000000612327
     -0.000000315810
     -0.000000199190
     -0.000000089928
     -0.000000079299
     -0.000000025776
     -0.000000046161
     -0.000000008217
     -0.000000036712
     -0.000000003271
     -0.000000033142
     -0.000000001576
     -0.000000030914
     -0.000000000716
     -0.000000029100
     -0.000000000114
     -0.000000027645
      0.000000000343
     -0.000000026624
      0.000000000660
     -0.000000026051
      0.000000000821
     -0.000000025843
      0.000000000812
     -0.000000025834
      0.000000000621
     -0.000000025822
      0.000000000233
     -0.000000025620
     -0.000000000360
     -0.000000025102
     -0.000000001150
     -0.000000024223
     -0.000000002093
     -0.000000023016
     -0.000000003106
     -0.000000021579
     -0.000000004078
     -0.000000020061
     -0.000000004902
     -0.000000018653
     -0.000000005517
     -0.000000017586
     -0.000000005944
     -0.000000017136
     -0.000000006297
     -0.000000017623
     -0.000000006763
     -0.000000019414
     -0.000000007553
     -0.000000022940
     -0.000000008856
     -0.000000028735
     -0.000000010822
     -0.000000037535
     -0.000000013603
     -0.000000050483
     -0.000000017471
     -0.000000069640
     -0.000000023088
     -0.000000099415
     -0.000000032334
     -0.000000151626
     -0.000000052111
     -0.000000270466
     -0.000000110296
     -0.000000766218
