      0.000000000000
      0.000000000000
      0.000000000000
      0.000000000000
      0.000000000000
      0.000000000000
      0.000000000000
      0.000000000000
      0.000000000000
      0.000000000000
      0.000000000000
      0.000000000000
      0.000000000000
      0.000000000000
      0.000000000000
      0.000000000000
      0.000000000000
      0.000000000000
      0.000000000000
      0.000000000000
      0.000000000000
      0.000000000000
      0.000000000000
      0.000000000000
      0.000000000000
      0.000000000000
      0.000000000000
      0.000000000000
      0.000000000000
      0.000000000000
      0.000000000000
      0.000000000001
      0.000000000001
      0.000000000003
      0.000000000007
      0.000000000016
      0.000000000036
      0.000000000077
      0.000000000162
      0.000000000336
      0.000000000685
      0.000000001376
      0.000000002722
      0.000000005303
      0.000000010178
      0.000000019248
      0.000000035879
      0.000000065932
      0.000000119464
      0.000000213481
      0.000000376303
      0.000000654411
      0.000001122984
      0.000001901846
      0.000003179247
      0.000005246676
      0.000008549035
      0.000013755668
      0.000021859206
      0.000034310662
      0.000053200712
      0.000081498348
      0.000123358891
      0.000184513287
      0.000272749316
      0.000398492335
      0.000575487904
      0.000821580800
      0.001159574060
      0.001618137818
      0.002232721074
      0.003046400784
      0.004110583074
      0.005485452742
      0.007240051775
      0.009451858189
      0.012205736044
      0.015592138865
      0.019704474368
      0.024635579795
      0.030473314511
      0.037295348163
      0.045163304987
      0.054116512224
      0.064165685341
      0.075286956094
      0.087416701792
      0.100447656364
      0.114226768438
      0.128555213787
      0.143190868129
      0.157853404693
      0.172232007232
      0.185995495719
      0.198804464631
      0.210324850611
      0.220242195471
      0.228275768653
      0.234191672915
      0.237814085678
      0.239033886819
      0.237814085678
      0.234191672915
      0.228275768653
      0.220242195471
      0.210324850611
      0.198804464631
      0.185995495719
      0.172232007232
      0.157853404693
      0.143190868129
      0.128555213787
      0.114226768438
      0.100447656364
      0.087416701792
      0.075286956094
      0.064165685341
      0.054116512224
      0.045163304987
      0.037295348163
      0.030473314511
      0.024635579795
      0.019704474368
      0.015592138865
      0.012205736044
      0.009451858189
      0.007240051775
      0.005485452742
      0.004110583074
      0.003046400784
      0.002232721074
      0.001618137818
      0.001159574060
      0.000821580800
      0.000575487904
      0.000398492335
      0.000272749316
      0.000184513287
      0.000123358891
      0.000081498348
      0.000053200712
      0.000034310662
      0.000021859206
      0.000013755668
      0.000008549035
      0.000005246676
      0.000003179247
      0.000001901846
      0.000001122984
      0.000000654411
      0.000000376303
      0.000000213481
      0.000000119464
      0.000000065932
      0.000000035879
      0.000000019248
      0.000000010178
      0.000000005303
      0.000000002722
      0.000000001376
      0.000000000685
      0.000000000336
      0.000000000162
      0.000000000077
      0.000000000036
      0.000000000016
      0.000000000007
      0.000000000003
      0.000000000001
      0.000000000001
      0.000000000000
      0.000000000000
      0.000000000000
      0.000000000000
      0.000000000000
      0.000000000000
      0.000000000000
      0.000000000000
      0.000000000000
      0.000000000000
      0.000000000000
      0.000000000000
      0.000000000000
      0.000000000000
      0.000000000000
      0.000000000000
      0.000000000000
      0.000000000000
      0.000000000000
      0.000000000000
      0.000000000000
      0.000000000000
      0.000000000000
      0.000000000000
      0.000000000000
      0.000000000000
      0.000000000000
      0.000000000000
      0.000000000000
      0.000000000000
      0.000000000000
